22461
22461
22461
3547
3386
3335
3175
3124
2906
2906
2560
2298
2241
2210
2182
2174
1959
1959
1959
1904
1904
1904
1904
1896
1823
1823
1815
1650
1622
1595
1593
1565
1561
1561
1561
1529
1476
1425
1419
1391
1376
1369
1338
1249
1213
1203
1197
1171
1157
1157
1155
1145
1145
1122
1117
1117
1107
1107
1091
1065
1056
1056
1053
1032
987
981
980
970
970
968
967
963
963
954
953
929
929
929
919
919
918
913
904
903
885
885
884
883
883
883
881
880
880
860
859
851
849
846
842
839
839
838
836
829
823
821
821
818
803
802
799
794
793
784
780
779
779
778
768
763
762
762
762
762
761
761
761
739
739
738
735
732
732
732
729
729
725
722
715
712
712
710
708
699
690
687
687
673
664
660
658
658
658
658
639
639
639
639
639
639
627
624
621
619
619
611
603
600
600
600
599
594
594
594
590
583
575
571
571
569
569
564
561
559
546
541
527
524
523
523
520
517
515
511
507
507
506
505
503
499
499
496
495
495
491
490
488
485
482
482
481
481
479
478
478
477
471
469
465
465
458
456
456
454
452
450
450
450
450
449
449
446
445
443
442
442
438
437
435
432
430
430
426
426
426
426
425
418
417
417
414
410
410
410
410
409
404
401
400
400
399
398
398
396
396
395
395
392
392
388
388
387
387
385
385
383
382
381
380
380
378
378
377
375
371
371
371
366
360
357
353
353
352
351
351
351
351
350
350
347
347
347
347
346
346
341
340
340
338
336
336
336
335
334
332
332
331
331
330
330
328
324
321
320
319
319
318
316
316
315
314
312
311
310
309
309
309
300
300
300
300
298
297
297
296
296
296
295
295
294
291
291
284
284
283
283
282
281
280
280
280
278
275
275
275
274
274
273
270
270
270
268
268
267
267
266
264
262
260
258
257
257
257
257
256
254
254
253
252
252
251
250
247
247
247
247
246
246
245
245
245
244
240
240
240
239
238
237
237
236
236
235
235
234
232
231
231
230
230
228
227
227
225
224
223
223
222
222
221
220
220
220
218
216
216
215
213
212
212
211
211
211
211
210
210
210
209
208
207
207
206
206
206
205
205
204
204
204
203
203
203
202
202
202
200
200
200
200
200
200
200
199
198
198
198
198
197
197
196
196
195
195
195
195
194
194
193
192
192
192
192
190
190
190
190
189
187
186
186
186
185
185
184
184
184
183
183
183
182
181
180
180
180
180
180
179
177
177
177
176
175
175
174
173
173
172
172
171
171
171
171
170
170
170
170
170
170
169
169
167
165
165
165
165
164
163
163
163
162
161
161
161
161
160
160
160
160
160
159
159
158
158
157
157
156
156
155
154
153
153
152
152
152
152
152
152
151
151
151
150
150
149
149
148
147
147
146
146
146
145
144
144
144
144
143
142
142
142
142
142
141
140
140
140
140
140
139
138
138
138
137
137
137
137
137
137
136
135
135
134
134
133
133
133
133
132
132
132
132
132
132
131
131
131
131
130
130
130
129
129
129
128
128
128
128
128
128
127
127
127
127
127
127
126
126
126
126
126
125
125
124
124
124
124
124
123
122
121
121
120
120
120
120
120
120
120
120
119
119
119
119
119
118
118
118
118
118
118
116
116
116
116
116
116
116
116
116
115
115
114
114
114
114
114
114
113
113
113
112
112
112
112
112
111
111
111
111
111
111
111
111
111
111
111
111
110
110
109
109
109
109
109
109
109
109
108
108
108
108
108
108
108
108
108
108
107
107
107
107
106
106
106
106
106
106
105
105
105
105
105
105
105
105
104
103
103
103
103
102
102
102
102
101
101
101
101
101
100
100
100
100
100
100
100
100
100
100
100
99
99
99
99
99
98
98
98
98
98
98
98
97
97
97
97
97
96
95
95
95
95
95
95
94
94
94
94
93
93
93
92
92
92
92
91
91
91
91
91
91
91
90
90
90
90
90
90
90
90
90
89
89
89
89
89
89
89
89
89
89
88
88
88
88
88
88
88
88
87
87
87
87
87
87
87
87
86
86
86
85
85
85
85
85
85
84
84
84
84
83
83
83
83
83
83
83
83
83
83
82
82
82
82
81
81
81
81
81
81
80
80
80
80
79
79
79
79
79
79
79
79
79
79
78
78
78
78
78
78
77
77
77
77
77
77
77
77
77
76
76
76
76
76
75
75
75
75
75
74
74
74
73
73
73
73
73
72
72
72
71
71
71
71
70
70
70
70
70
70
70
69
69
69
69
69
69
69
69
68
68
68
68
68
68
68
67
67
67
67
67
66
66
66
66
65
65
65
65
65
65
65
65
65
65
64
64
64
64
64
64
63
63
63
63
63
63
63
62
62
62
62
62
62
62
62
62
62
62
61
61
61
61
61
61
61
61
61
61
61
61
61
61
60
60
60
60
60
60
60
60
60
60
60
60
59
59
59
59
59
59
58
58
58
58
58
58
58
57
57
57
57
57
57
57
56
56
56
56
56
55
55
55
55
55
55
54
54
54
54
54
54
54
54
54
53
53
53
53
53
53
53
52
52
52
52
52
52
52
52
51
51
51
51
51
51
50
50
50
50
50
50
50
50
50
50
50
50
50
50
50
49
49
49
49
49
49
49
49
49
48
47
47
47
46
46
46
46
46
46
45
45
45
45
45
45
45
45
44
44
44
44
44
44
44
44
44
44
43
43
43
43
42
42
42
42
42
42
42
42
42
42
42
42
42
42
42
41
41
41
41
41
41
41
40
40
40
40
40
39
39
39
39
39
38
38
38
38
38
38
38
37
37
37
37
37
37
37
37
37
37
37
36
36
36
36
36
36
36
36
36
36
36
36
36
35
35
35
35
35
35
35
35
34
34
34
34
34
34
34
34
33
33
33
33
33
33
33
33
33
33
33
33
32
32
32
32
32
32
32
32
32
31
31
31
30
30
30
30
30
30
30
30
30
29
29
29
29
29
29
29
28
28
28
28
28
28
28
27
27
27
27
27
27
27
26
26
26
26
26
26
26
25
25
25
25
25
24
24
24
23
23
23
23
23
23
23
23
23
23
23
23
23
23
23
23
22
22
22
22
22
22
22
22
22
22
22
22
22
21
21
21
21
21
21
21
21
21
21
21
21
21
21
21
21
21
20
20
19
19
19
19
19
19
19
18
18
18
18
18
18
17
17
17
17
16
16
16
16
15
15
15
15
15
14
14
14
14
14
13
13
13
13
12
12
12
12
11
11
11
11
11
11
10
10
10
10
9
9
8
8
8
8
8
8
8
8
7
7
7
7
7
6
6
6
6
6
6
6
6
5
4
